1.19482E7 1000
174600.0 1064
210800.0 1133
213250.0 1207
230150.0 1285
231050.0 1368
240133.33333333334 1457
357050.0 1551
287000.0 1652
308433.3333333333 1759
309950.0 1873
245200.0 1994
554700.0 2123
411000.0 2261
427450.0 2408
322700.0 2564
278750.0 2730
289150.0 2907
269550.0 3095
328600.0 3295
257200.0 3509
286400.0 3736
253538.88888888888 3978
134466.66666666666 4236
40000.0 4511
54326.666666666664 4803
44714.28571428572 5114
79544.44444444444 5446
470266.6666666667 5798
82220.0 6174
60744.444444444445 6574
338325.0 7000
67218.18181818182 7454
68032.39436619719 7937
80588.88888888889 8451
83277.77777777778 8998
81330.0 9581
93980.0 10202
101466.66666666667 10863
79711.11111111111 11567
208266.66666666666 12316
115187.5 13114
134216.66666666666 13964
110908.69565217392 14868
195500.0 15832
130133.33333333333 16857
261200.0 17950
190283.33333333334 19113
157533.33333333334 20351
202625.0 21669
280966.6666666667 23073
208700.0 24568
227100.0 26160
240075.0 27854
236466.66666666666 29659
262733.3333333333 31581
301000.0 33627
338833.3333333333 35805
291700.0 38125
338400.0 40595
353000.0 43225
353933.3333333333 46025
381100.0 49007
436133.3333333333 52182
613350.0 55563
539433.3333333334 59163
523300.0 62996
404850.0 67077
615000.0 71422
506200.0 76050
551350.0 80977
695500.0 86223
790500.0 91809
629800.0 97757
721150.0 104090
928850.0 110834
1023800.0 118014
878000.0 125660
1218100.0 133801
1034600.0 142470
1411100.0 151700
1541900.0 161528
1178500.0 171992
1917700.0 183135
1842200.0 195000
1429100.0 207633
1635500.0 221085
1696100.0 235408
2059600.0 250659
1880400.0 266898
2336500.0 284190
2469700.0 302601
2381000.0 322206
3053800.0 343080
2915900.0 365307
2514700.0 388974
3716200.0 414174
3622800.0 441006
3523400.0 469577
2758200.0 500000
